
                
~~~~Attack Log~~~~

                Training database:	Faces folder:	faces/train/	Feature csv file:	databases/train.csv	
                Testing database:	Faces folder:	faces/test/	Feature csv file:	databases/test.csv	
                Attack size:	5000

                
                Total hits:	165
                Frequencies:	[0, 0, 2, 0, 0, 0, 0, 1, 0, 0, 0, 0, 0, 0, 1, 0, 0, 0, 1, 3, 0, 7, 0, 0, 0, 1, 0, 0, 2, 0, 0, 0, 2, 2, 1, 0, 1, 4, 0, 0, 1, 0, 0, 0, 0, 5, 0, 1, 0, 0, 1, 6, 0, 1, 1, 0, 0, 0, 0, 0, 1, 0, 2, 0, 0, 0, 0, 0, 2, 0, 0, 1, 0, 0, 5, 0, 1, 1, 0, 1, 0, 2, 1, 1, 1, 0, 0, 1, 0, 0, 5, 0, 0, 0, 0, 0, 2, 0, 0, 0, 0, 0, 0, 0, 5, 0, 0, 1, 2, 0, 1, 0, 0, 0, 1, 2, 2, 0, 1, 0, 0, 0, 3, 2, 0, 0, 0, 1, 0, 0, 0, 1, 0, 1, 0, 0, 0, 0, 2, 0, 0, 0, 1, 0, 0, 0, 0, 0, 0, 0, 0, 0, 0, 0, 0, 0, 0, 0, 0, 0, 4, 2, 4, 0, 1, 0, 0, 1, 1, 0, 1, 1, 0, 0, 0, 0, 1, 2, 1, 1, 7, 0, 2, 4, 0, 1, 0, 0, 3, 0, 0, 0, 0, 4, 0, 0, 6, 1, 1, 0, 0, 0, 0, 0, 0, 0, 0, 0, 4, 0, 0, 1, 0, 0, 0, 0, 0, 0, 0, 2, 2, 0, 0, 0, 7, 2, 0, 1]

                Random seed:	('MT19937', array([ 450587944, 3135672436, 3990965218, 1001254517, 3371161542,
       2853747155,  340057382, 1248053088, 2686511337, 2841844276,
       2729489811, 3174053431, 1879755336, 1642549607,  725084199,
       3624266037, 3750975310, 3124033722, 3664340482, 1975918638,
        994110282, 2104440534, 1296254110, 3479637236,  875588367,
       2046674664, 2091758769, 2513027636, 1931956854, 3853464421,
       1520507698,  271264651, 2407027784,  242223575,  490984071,
         87563675,  965523983, 2321519962, 1782485189, 2897239823,
        660869559, 1970928799,  944677714,  483560586, 3464566228,
        815986234, 1650983197, 2286043570, 4236334347, 1395313245,
        157800414, 1270754508, 1353302051, 2405838479, 2134227995,
       2350284002, 2558023587, 4187945519, 3158273001,  873050336,
       1547998291, 3557308926,  634612667, 1840018753, 1433686244,
       1323922430,  915503379, 3491631040, 3564241400, 2641907576,
       3494603534, 3149949577, 3378597719,  576623956,  636916172,
        904097950, 2996092901, 3644865199, 1724450629, 3600824118,
       2011008331, 1172434904, 2596656653,   24517086, 2432606635,
       4067724264,   96523847, 3065417455,  442472430, 1297701047,
       3912382196, 3658612049, 1279929939, 1720616933,  416066987,
       4185659578,  299407493,  132408847,  193295207, 2403395559,
       1617911682, 1780222961, 3353054948, 1679371331, 3076229552,
       3693446934, 4021922238, 1599780998, 1832830071, 2331092531,
       4212352837,  647320782, 3772733052, 3836205655,  217645702,
        834050013, 2472299750, 2167354764, 2117644720,  771452302,
       1633896611,  981537084, 1747130894,  460003239, 3602787128,
       3207671444, 2289773047, 1922571192, 2737502198,  174339675,
       2601012984, 1543317192, 1916286223, 2897244481,  504877819,
       3083365666, 2871376251, 1416444425, 1164347998, 4275981666,
       1047024359, 2651647088, 1643724954,  111810017, 3984848695,
       1899169457, 3701697116, 1632925087, 3940850791, 3135334083,
       3514936317, 1166771695, 2823011628,  369332169, 2403982010,
        883096624,  609220303,  265068409, 2790933922,  232105395,
        781829560, 1247436484, 1273524256, 1180257668, 1442126245,
       2219336261, 3758463991, 4103786734,  229071970, 4044914073,
       3687560625,  582183120, 1288807753, 1357353234,  830997544,
       1943005372,  140447071,  858828266, 2793356123,  721909948,
        536814320, 2368603448, 2585289764, 2021391535, 2344214713,
       3100563848, 2560838131,  829260764,  998502052, 3605467545,
       2607555195, 2386826512, 4149524354, 3632484160, 1624750370,
       1110899652, 1429658563,  733803289, 1848090138, 1609265249,
       2846889913, 3909790825,   25856191, 1068577101,  294084562,
         93845555, 1203463566, 3424074229, 1490301077, 2928785242,
       1762157273, 1216208706, 1360775869, 2322916058, 2981402042,
       3875030596, 1702648423, 1089170684, 2946088705, 1714305614,
       2432640330, 2938289918, 3620963086,  845311983,  881050224,
       3489041295, 3850457932,   94295229, 1083049858, 3411302809,
       2179870550, 1714860304, 2550904398, 2983335253, 1007264780,
       1806407285, 3294676270, 1821276938, 2127186384, 2795534419,
        481098215,  879865464, 3719235375, 2375484352, 3190309574,
       2647349380,  536714640, 4190411620, 2982743203, 3228272701,
       3608882082, 3606459130,  394883779, 2205830786,  332944497,
       4092546994,  298415488, 2058382413, 1015910319,  844261156,
       2745110975, 1602694028, 3717653894, 3601436897, 1505163323,
       3765087546, 3696318851,  934119623, 1147510847, 1872423722,
       2231005940, 2753943564, 4191521925, 1250049195, 2080904798,
       3673604276, 2310397771,  678145735, 1202238709,  895600708,
       3747469119, 1915209077, 1642408975, 1410734569, 3951614891,
       1975640903, 1261833324, 4222587122,  835248763, 3732267841,
        292311725,  287649488,  702905089, 2812299536, 3805118977,
         86554711,   85840816, 2210140029, 1314460571,  843659598,
       2896433246,    3872833, 2168420009, 1408186503, 1399749176,
       1104501150, 1746305209,  954962635, 3356092928, 2704901641,
       2481901251, 1333774598, 2740365927, 3816267704, 2244673614,
       1868972525, 2626351332, 1274356739, 1632726719, 2810482738,
       2333852738, 2478040506, 2361858305,  993236249,  425006289,
       2949391377, 2399083943,   82534035, 1700020549, 3012288219,
       2166529931,   67261824, 3738238041, 1023249390, 1633118467,
       2246969025, 2883260311,  919039839, 1598279717, 2654962637,
        250812633,  424678368, 3608514556, 4127718159, 2879879284,
        567828616, 3363499145, 2535734875, 1263440311, 3949013902,
         71756663, 1867168037,  606891800, 3702891402, 3598119615,
       4129142506, 1299310531, 3695877480, 3699993515, 1048389347,
       4049579004, 3534208833, 4206913174, 2106411939, 2865517402,
       3040631454, 3985935303, 2607422957, 1810263899, 1163842835,
         92939547, 2064262590, 3024219671, 3879146818, 4091346115,
        350976458,  988307033,  355777463,  831036785,   71939359,
       2194664935,  919120290, 2411969968, 3075809009, 3238942495,
         47868023,  418283033, 2762056361,  794307047, 3332353183,
       1147495476, 2441767136, 1586469797,  518803590, 1457100281,
       1665226811, 1410030903, 2796403824, 2741328697, 3088441865,
       2042298943, 2316631043,  957619217, 1842074571,  293944844,
       2371621660,  960405139,  286565081, 2359223749, 1537031478,
       1372608400,  783181486,  559740190,   73531268, 1624945703,
       2794079294, 3135185773, 3244573173,  110821426, 2129663016,
       2022447448, 4244962302, 1517745560,  305716970,   69878975,
       1782467612,  590048489, 2302600691, 2926308221, 3240866790,
       1444912096, 4136294463, 3715552033, 1472523079, 3199896169,
        658513781,  440530590,  441275594, 2100672557, 1673893662,
        168747756,  316901873, 2948401236, 2666557379, 1663123220,
        886277573,  750560434,   27927379, 1114850235,  938939095,
       2369820897, 2784211321, 4162108471, 2088162304, 2286929498,
       4225330462, 1980910366, 3990991658,  543686700, 2493339821,
       3365049369, 2728289692, 2981052393,  773652866, 3872230565,
        536762297, 2326254851, 1693137852, 3069387583, 2644577364,
       2529397613, 4190911247,  793290394, 3227224480, 3142933205,
        663171957, 4013158365, 2869888088, 2359919744,  800217535,
        609133644,  701267849,  464674541, 4157376600, 2624313658,
        536779925, 2129747403, 1944432002, 1361061776, 1541601238,
       3049012683, 2870279794, 4066390236,  219739990, 4128323827,
         95353832,  788743392, 1140059930, 3522484458,  750893113,
       2481410346, 1276822773, 3897721279, 1018604739, 1663882421,
       4181785378, 2108720156, 2939091680, 2904726996,  353395452,
       1120893397, 2347548374, 3296907882, 4260099970,  344398950,
        911713237, 1214278067, 2137177498, 2535292113, 2726889589,
       3715795422, 2551181738,  118728774, 4068751965, 3123657245,
       2572401835, 2503974565, 3178741834, 3740347000, 1021302386,
       2434346447,  884227868, 2782240401, 2768440471, 1592091967,
       3471185709, 1912907508, 1426111038, 1342892036, 3640071641,
       1434281987, 1314868109, 2506466144, 2511333011, 1564258247,
       1650574985, 2194484056,  794534966, 1333515846,  861538012,
       1613413041,  647838790, 4142395950, 1864869611, 1496097186,
        303397209, 3277225059, 1004162810, 1370251353,  379273354,
       4207594664,  555593100, 1177476977, 3347675627, 3276386026,
       2176772371, 3847071193, 3235355770, 3616584660, 4261350493,
       1312730366,  273153604, 2841603985, 2180404006, 2683791792,
       3243736146, 2297824190, 2229073244,  263243601,   80050537,
       3430594123, 1616651617, 2750563848, 3532006636, 4085538024,
       1494963747,  792019812, 1570248485,  221795907, 1926225816,
       3151228534, 2675260558, 4265814296, 3769134045, 2912378555,
        466161805, 1062999774, 2238457393, 3203100415, 2937843126,
       3509934155, 3304167369, 2470651019, 2825149861, 1847921534,
       1629780438, 2041445922, 1691835757, 3818521178, 3655953392,
       2740280722, 3928249582,  264209681, 3895330976, 2709247432,
       2296833272, 2740525293, 2346473606,  461538146, 2894365483,
       1169380657,  450988109, 2644381821,  426175395], dtype=uint32), 176, 0, 0.0)

                