
                
~~~~Attack Log~~~~

                Timestamp:	05:06:2018_18:22:12
                Training database:	Faces folder:	faces/train/	Feature csv file:	databases/train.csv	
                Testing database:	Faces folder:	faces/test/	Feature csv file:	databases/test.csv	
                Attack size:	2000

                
                Total hits:	82
                Random seed:	logs/seeds/seed_file_05:06:2018_18:22:12

                Distribution:
0 Hits	# of faces:177	Face indexes: [0, 1, 3, 4, 5, 6, 7, 8, 9, 10, 11, 12, 13, 15, 16, 17, 18, 20, 22, 23, 24, 25, 26, 27, 28, 29, 30, 31, 32, 33, 34, 35, 36, 38, 39, 40, 41, 42, 43, 44, 46, 47, 48, 49, 50, 52, 54, 55, 56, 57, 58, 59, 60, 61, 64, 65, 66, 67, 69, 70, 72, 73, 74, 75, 76, 79, 81, 84, 85, 86, 87, 88, 89, 91, 92, 93, 94, 97, 98, 99, 100, 101, 102, 103, 105, 106, 107, 109, 110, 111, 112, 113, 115, 116, 117, 118, 119, 120, 121, 124, 125, 126, 127, 128, 129, 130, 131, 132, 134, 136, 137, 138, 139, 140, 141, 142, 143, 144, 146, 148, 149, 151, 152, 153, 154, 155, 156, 157, 158, 161, 163, 164, 166, 167, 171, 172, 173, 174, 175, 176, 177, 178, 179, 181, 184, 186, 187, 191, 192, 193, 194, 195, 197, 199, 200, 201, 202, 203, 204, 205, 206, 207, 208, 209, 210, 211, 212, 213, 214, 215, 216, 217, 221, 222, 225, 226, 227]
							1 Hits	# of faces:33	Face indexes: [2, 14, 19, 45, 62, 63, 68, 71, 77, 78, 80, 82, 83, 90, 95, 104, 123, 135, 147, 150, 159, 162, 165, 168, 169, 170, 180, 185, 189, 218, 219, 220, 223]
							2 Hits	# of faces:12	Face indexes: [51, 96, 108, 114, 122, 133, 145, 182, 183, 188, 190, 196]
							3 Hits	# of faces:3	Face indexes: [53, 198, 224]
							4 Hits	# of faces:1	Face indexes: [37]
							5 Hits	# of faces:1	Face indexes: [160]
							7 Hits	# of faces:1	Face indexes: [21]
							
                