
                
~~~~Attack Log~~~~

                Training database:	Faces folder:	faces/train/	Feature csv file:	databases/train.csv	
                Testing database:	Faces folder:	faces/test/	Feature csv file:	databases/test.csv	
                Attack size:	5000

                
                Total hits:	165
                Frequencies:	[1, 0, 1, 0, 0, 0, 0, 0, 0, 1, 0, 0, 0, 0, 1, 0, 1, 0, 1, 2, 0, 6, 0, 0, 2, 0, 0, 0, 0, 0, 0, 0, 1, 1, 1, 0, 1, 3, 2, 0, 1, 1, 0, 1, 0, 0, 1, 0, 0, 1, 1, 2, 0, 6, 1, 0, 0, 0, 0, 0, 2, 1, 3, 0, 0, 0, 0, 0, 3, 0, 0, 3, 0, 0, 2, 0, 0, 1, 1, 0, 0, 1, 1, 1, 0, 0, 0, 0, 1, 0, 2, 0, 0, 0, 0, 1, 3, 0, 0, 0, 0, 0, 0, 0, 3, 0, 0, 1, 5, 2, 0, 0, 0, 0, 1, 1, 0, 0, 0, 0, 0, 0, 2, 3, 3, 0, 0, 0, 0, 0, 0, 2, 1, 2, 0, 1, 0, 0, 0, 1, 0, 0, 0, 0, 0, 4, 0, 0, 0, 0, 0, 1, 0, 0, 0, 0, 0, 0, 0, 1, 5, 1, 13, 0, 1, 4, 0, 0, 0, 0, 0, 4, 0, 0, 0, 0, 0, 1, 1, 0, 5, 1, 0, 3, 0, 1, 0, 0, 1, 0, 0, 2, 0, 1, 0, 0, 2, 0, 2, 0, 0, 0, 0, 2, 0, 0, 0, 0, 0, 0, 0, 0, 0, 0, 0, 0, 1, 0, 2, 2, 6, 0, 0, 0, 3, 0, 1, 0]

                Random seed:	logs/seeds/seed_file_05:06:2018_16:33:05

                