
                
~~~~Attack Log~~~~

                Training database:	Faces folder:	faces/train/	Feature csv file:	databases/train.csv	
                Testing database:	Faces folder:	faces/test/	Feature csv file:	databases/test.csv	
                Attack size:	5000

                
                Total hits:	145
                Random seed:	logs/seeds/seed_file_05:06:2018_16:46:14

                Frequencies:	[2, 0, 2, 0, 0, 0, 0, 1, 0, 0, 0, 0, 0, 0, 1, 1, 0, 0, 2, 0, 0, 5, 0, 0, 1, 0, 0, 0, 0, 0, 0, 0, 1, 0, 0, 0, 2, 0, 3, 1, 2, 0, 0, 0, 0, 3, 0, 0, 0, 0, 0, 6, 0, 4, 1, 0, 2, 0, 0, 0, 2, 0, 1, 2, 0, 0, 0, 0, 4, 0, 0, 0, 0, 1, 6, 0, 0, 2, 0, 1, 1, 0, 0, 0, 1, 0, 0, 0, 0, 0, 4, 0, 0, 0, 0, 1, 0, 0, 1, 0, 0, 0, 0, 0, 6, 0, 0, 0, 1, 0, 0, 0, 0, 0, 2, 1, 0, 0, 0, 0, 0, 0, 2, 4, 0, 0, 0, 0, 0, 2, 0, 3, 0, 1, 0, 2, 0, 0, 0, 1, 1, 0, 0, 1, 0, 2, 0, 0, 0, 1, 1, 0, 0, 0, 1, 0, 0, 0, 0, 0, 3, 1, 4, 0, 3, 2, 0, 0, 1, 1, 2, 1, 0, 0, 0, 0, 0, 0, 0, 0, 6, 0, 0, 2, 0, 3, 0, 0, 4, 1, 0, 0, 0, 0, 0, 0, 6, 0, 1, 0, 0, 0, 0, 0, 0, 0, 0, 0, 0, 0, 1, 0, 0, 0, 0, 0, 0, 0, 0, 1, 1, 0, 0, 1, 1, 0, 0, 0]

                