
                
~~~~Attack Log~~~~

                Timestamp:	05:06:2018_18:18:58
                Training database:	Faces folder:	faces/train/	Feature csv file:	databases/train.csv	
                Testing database:	Faces folder:	faces/test/	Feature csv file:	databases/test.csv	
                Attack size:	2000

                
                Total hits:	55
                Random seed:	logs/seeds/seed_file_05:06:2018_18:18:58

                Distribution:
0 Hits	# of faces:189	Face indexes: [0, 1, 2, 3, 4, 5, 7, 8, 9, 10, 11, 12, 13, 14, 15, 16, 17, 18, 19, 20, 23, 25, 26, 27, 28, 29, 30, 31, 32, 34, 35, 36, 37, 38, 39, 40, 41, 42, 43, 44, 46, 47, 48, 49, 52, 54, 55, 56, 57, 58, 59, 60, 61, 64, 65, 66, 67, 70, 71, 72, 73, 74, 75, 76, 77, 78, 79, 80, 81, 84, 85, 86, 88, 89, 91, 92, 93, 94, 96, 97, 98, 99, 100, 101, 102, 103, 105, 106, 107, 108, 109, 110, 111, 112, 113, 114, 115, 116, 117, 118, 119, 120, 121, 122, 124, 125, 126, 127, 128, 129, 130, 132, 133, 134, 136, 137, 138, 139, 140, 141, 142, 143, 144, 146, 147, 148, 149, 150, 151, 152, 153, 154, 155, 156, 157, 158, 159, 160, 161, 163, 164, 165, 166, 167, 169, 171, 172, 174, 175, 176, 177, 179, 181, 182, 184, 186, 187, 188, 189, 190, 191, 192, 194, 195, 197, 199, 200, 201, 202, 203, 204, 205, 206, 207, 208, 210, 212, 213, 214, 215, 216, 217, 218, 221, 222, 223, 224, 225, 226]
1 Hits	# of faces:28	Face indexes: [6, 22, 24, 50, 62, 68, 69, 82, 83, 90, 95, 104, 123, 131, 135, 145, 162, 168, 170, 173, 178, 183, 185, 193, 198, 209, 211, 227]
2 Hits	# of faces:9	Face indexes: [33, 45, 51, 63, 87, 180, 196, 219, 220]
3 Hits	# of faces:1	Face indexes: [21]
6 Hits	# of faces:1	Face indexes: [53]

                