
                
~~~~Attack Log~~~~

                Training database:	Faces folder:	faces/train/	Feature csv file:	databases/train.csv	
                Testing database:	Faces folder:	faces/test/	Feature csv file:	databases/test.csv	
                Attack size:	5000

                
                Total hits:	172
                Random seed:	logs/seeds/seed_file_05:06:2018_17:07:54

                Frequencies:	[1, 0, 1, 0, 0, 0, 1, 2, 0, 0, 0, 0, 0, 0, 1, 0, 0, 0, 1, 4, 0, 8, 0, 0, 0, 0, 0, 1, 1, 1, 0, 0, 2, 0, 3, 0, 0, 2, 3, 0, 2, 0, 0, 0, 0, 1, 0, 0, 0, 1, 0, 2, 0, 3, 1, 0, 1, 0, 1, 0, 0, 0, 3, 0, 0, 0, 0, 0, 6, 0, 0, 2, 0, 0, 5, 0, 2, 3, 1, 2, 2, 1, 1, 1, 0, 0, 0, 0, 0, 0, 0, 0, 1, 1, 0, 0, 0, 0, 1, 0, 1, 0, 0, 0, 2, 0, 2, 0, 0, 1, 2, 0, 0, 0, 1, 1, 0, 0, 1, 0, 0, 0, 1, 2, 2, 0, 0, 1, 0, 0, 0, 1, 1, 4, 0, 0, 0, 0, 1, 0, 0, 0, 0, 0, 0, 0, 0, 1, 0, 0, 0, 0, 0, 0, 0, 0, 0, 0, 0, 0, 5, 3, 5, 0, 0, 0, 0, 0, 3, 0, 2, 0, 0, 2, 0, 0, 2, 0, 1, 2, 9, 0, 2, 4, 0, 4, 0, 0, 2, 0, 0, 0, 0, 2, 0, 0, 6, 0, 1, 0, 0, 0, 0, 2, 1, 0, 0, 0, 0, 0, 0, 2, 0, 0, 0, 0, 0, 0, 1, 4, 2, 0, 0, 0, 2, 1, 0, 1]

                