
                
~~~~Attack Log~~~~

                Training database:	Faces folder:	faces/train/	Feature csv file:	databases/train.csv	

                Testing database:	Faces folder:	faces/test/	Feature csv file:	databases/test.csv	

                Attack size:	5000

                
                Total hits:	171

                Frequencies:	[2, 0, 0, 0, 0, 1, 0, 1, 0, 0, 0, 0, 0, 0, 1, 0, 0, 0, 0, 1, 0, 6, 0, 0, 0, 0, 0, 0, 0, 2, 0, 0, 2, 3, 2, 0, 0, 1, 0, 0, 0, 0, 0, 0, 0, 0, 0, 0, 0, 0, 0, 7, 0, 3, 0, 0, 0, 0, 0, 0, 1, 0, 1, 0, 0, 0, 0, 0, 8, 0, 1, 0, 0, 0, 8, 0, 0, 1, 1, 0, 2, 1, 0, 2, 0, 0, 0, 0, 0, 0, 1, 0, 0, 0, 0, 0, 1, 0, 0, 0, 0, 0, 0, 1, 5, 0, 0, 1, 0, 0, 0, 0, 0, 0, 2, 0, 2, 0, 0, 0, 0, 0, 3, 8, 0, 0, 0, 0, 0, 1, 0, 1, 3, 1, 0, 0, 0, 0, 1, 0, 0, 0, 0, 0, 0, 4, 0, 6, 0, 0, 0, 0, 1, 0, 0, 0, 0, 0, 0, 0, 7, 1, 9, 0, 0, 1, 0, 0, 3, 1, 2, 1, 0, 0, 0, 0, 1, 0, 0, 2, 7, 0, 1, 4, 0, 2, 0, 0, 5, 0, 2, 0, 0, 1, 0, 0, 1, 0, 3, 0, 0, 0, 0, 1, 0, 0, 0, 1, 2, 0, 0, 3, 0, 0, 0, 0, 0, 0, 0, 1, 2, 0, 0, 0, 4, 1, 0, 2]

                Random seed:	('MT19937', array([1909392219, 1933623563, 3577316483, 2454769810, 2089624296,
       2343491237, 1545491459,  978446016, 1212384868, 2122398077,
       3095658123,  677207787, 3316991267, 3630868615,  807545503,
       1939914847,  417251361, 2724559321, 2091784836,  132583798,
        655713607, 3266325422,  957176082, 2716898341,   60073925,
       2664615295,  580032449,  589313331,  965212900,  379933792,
       3904159715,  669232077, 1775916879, 2232392163,   94277573,
       3073691454, 3979267595, 3825425057,  815214008, 3525225780,
       1673142703, 2075506454, 3485118502, 3195486708, 2946780875,
       1916512862, 2507313859,  284743856,  969116876,  677881378,
       3685186720, 3235910189,  315878583, 1209431121, 2320428804,
       3141397092, 3052094232,  732864313, 3797166025,  631920356,
       3225419558,  987597379, 1019359790, 3930985340,   12354140,
       4083079505,  730752724, 3195875819, 4063922335,  229447577,
       3797022179, 2179542330, 2480410620, 1265272870, 3180665501,
       3303705998, 1801986132, 2576670176, 2290292044,  676467788,
       3676405581, 1159160401, 3818404157,  852385319, 1509171403,
       1797080305,  399212168, 3012622619, 1639683659, 1342653101,
       2427329212,   81610923,  274514446, 1850013153, 1607646244,
       1220784030, 3845576556,  597743443, 3047568933, 2140624530,
       2310704926, 3841740278, 2125645295, 2927551184,  221837831,
       1008565772, 3779913983,  803369565, 3149436238, 3309360203,
       2777988652, 2462136316, 3294114506, 2134302035, 1658088652,
       1805485059, 4052858656, 1640482717,   92932725, 1025198893,
         93960671, 1078930147, 1065591565, 1362717401, 4289406245,
       2223348001, 1953945215, 3529426673, 4053564346, 2622653953,
        848835923, 4069604771, 1675819105, 2139176038, 3652279285,
        135208764, 3782096409, 2850340916, 2031154756, 1584928799,
       1402205951, 1559347124,  590590540, 2044132850, 2884693505,
        249062195, 3758690951, 1969076581, 1399265913, 1480663709,
       3758724894,  857021134,  829150382, 1270444364,   32120266,
       1629709728,   83489955, 1683481185,  523665257,  157768041,
       1072962556, 2136397788, 1819693808, 1281914984, 1144359566,
       2733324770, 1843318845, 1382187925, 1279075967, 3305260750,
       2672725915, 3214572111, 1435133336, 4276968444, 1813733674,
       3446428895, 2866878346,  310649149,   35665080, 3047261135,
        474492128,  624155158, 3030700920, 1982304905, 4107962359,
        263904252, 1645511798, 3707921131, 1237600145,  917753063,
       1889232417, 2500194836, 2344596331, 1101964601,  880604374,
       2266525001, 3210291499,  307990986, 2084720725, 3167158421,
       3917799436, 2095337358, 4207221174,  519064689, 1584342885,
       4240641131, 2257107912, 1588660867, 3963440599, 2090396888,
       2368387383, 1085937249, 1452013937, 2844946003, 4211110635,
       2152178268, 1806329119, 1507518677, 2596813174,  554434940,
       1926819395, 3076681536, 2806947562, 2648432708, 1380302370,
        967883085, 2941806774, 4115033134, 3963792420, 2527860530,
       3710803972,  772383092, 2440976125, 3311395781, 1904756940,
       2444397819, 2614427799, 4068496736,  626035001, 2138057842,
       3257267159, 2180190810,  389581167, 1830011692, 3236250409,
       1883793243, 2619165177, 2346442318, 4131386278, 1921095295,
       2761847959,  624511655, 2422141682, 2640201553, 1990293129,
       1177368186, 4167144856, 2174254169, 2038252750, 3529645888,
       3156476464,  765423281, 2027350941, 4226753858, 3275443316,
       3715019751, 1392577177, 4228077685, 1690907795,  801984701,
       2953496217,  854002346,  632157435, 4168808256, 2304627658,
        383714576,  429710065, 3374316362, 3451201568, 1249558289,
       3282720211, 3479483962, 3156842994,  347807865, 2151032004,
       2981730539, 4122212800, 2776340119,   28093461, 2807014022,
       3093554536, 1738874964, 2389857593,  866730484, 4000326918,
        725608657,  603169583, 1484535196, 4215160524, 3904147878,
       2641707588,  626277679, 3294173696,  127380445, 2087079526,
       2908474115, 3148168709,  704868065, 2888448838, 1086585482,
       2915895784,  445129396, 2115371306, 2193846164, 1467160332,
        620618536, 2505098646, 1842858934, 3923379580, 3922667019,
       1733838753, 1444110939, 2157153488, 1839096193, 2564093956,
       1728805501, 1781487805, 4287079651, 2913042028, 1624163210,
       3722467731, 3982496142,  576171287, 2426697742, 2809338700,
       3555767482, 3213330248, 1160277028, 2757075490, 4286958999,
       4269216840, 3008825346, 4212975769, 3232623275, 3633929235,
       3888293747,    4502660, 3765201465,   99142141,  432843723,
       1060614433,  967532088, 3215547850, 2901445646, 2098203850,
       2755496059, 1425163048,  545236865, 3283756760, 3995030473,
       2768724387, 1674014502, 2537215067,  664427421, 1509714109,
       1165848026, 3112955891,  197176039, 2380530586, 2655677393,
       3666602945, 4259640304, 2868248542, 3360353417, 1129817846,
       1472545734, 1377921794, 1286679487, 2593944538, 3660451366,
       4142389174, 2202261534, 2888771235,  744799295, 3861639791,
       3117532121, 2510693537, 1386902910,  956768672, 3657956399,
        408294439,  797218028, 2332457864, 4163581545, 3738301062,
       2527940364, 2398997954, 3206910148,  662515537,  329642372,
       3498225344, 2181908117, 3180429020, 3008372007, 1876053826,
        383436264,  315675498, 3836764800, 1033454496,  602949312,
       3708477193, 2883474343, 3528275980, 3518378460,  349965212,
       1191848104, 3342401722, 4019068215,  565178719, 3441731067,
       1445360222, 3383819926, 2390242465, 1549897914, 3734201435,
       2014814195, 1790045373, 3577483370, 3874323274,  273476035,
       3065351082, 2753219672, 2577855267, 1055495888, 1827117078,
       2115079798, 3737399364, 3404964109, 3822911496,  939206831,
       2402815832, 2724797232, 3983426452, 3644741172, 4071714293,
       3414997223,  350684521, 1301823677,  522334965, 2850213134,
       3052551064, 3028230153,  392898032, 2552810138,  811089153,
        726682328, 3052314783, 1679134555, 3783477488, 2887276622,
       2910429695, 2901665604, 1629701716, 2787240189, 2264620111,
       1939651919, 3095260361,  211901912,  505238905,  460780536,
       4206461315, 2703269513, 2003961548, 2524615314, 1324858992,
        402166791, 4245704810,   67849786, 3804903636,  103853349,
       1238301375,  966232593, 1945251934, 2737587309, 2694767296,
       1235951418, 2798907185,  622014097, 2837205266, 3058193553,
        281210219, 3897734822,  846543692, 1000350373, 3088982164,
       2116058816, 3664785725, 2002568157, 2332185902,  982554284,
       2273687459,  658031293, 3659949081, 1081180519, 1685538204,
       2415687933,  171720759,  348610188, 1946401719,  319972802,
        492534960, 3108480656, 2556915031, 2604214679, 2000492269,
       1530524022,  959998125, 1783812527, 1092716083, 2668085038,
       2346667199,  242216088,   96937086, 2386981995, 1569445709,
       2100745058,   82374628, 2434013159, 2035544622,   43410853,
       2175357750, 2369819449, 4136385039, 1529813842,  948165911,
        766835885, 3708727128,  163790855, 2840457394, 1669551533,
       3314551193, 1747837858, 1386261196, 3361883517, 2884480725,
       1148956520, 1333045283, 1896838727, 3974647878, 3640651785,
       1166932772, 2723912028,  934737913, 3124086462, 2731872585,
       2369461263, 2604710220, 2994246851, 1465577234, 2663496032,
       1806237244, 2367460798, 1335325055, 1033814365, 3463820492,
       3173888414,  572374452,  450525504,  197125562, 3692557820,
       4239162793,   19483841, 2437394049, 2119266528, 2126506847,
       2832267847, 1596757784, 2318033935, 3244140266, 3973542512,
       4115715381, 1577116263,  493405952, 3358989355, 3797574785,
       2327796586,    5834677, 2960935260, 3845874136, 2081876775,
       2758571184, 1272861744, 3030140760,  611108860,  854457516,
       3363527766, 1210802913, 3436875308, 2991001311,  863681813,
       3539007620, 1247488932, 2698417146, 2334461138, 3839319431,
       2716546207, 4073005514, 1878403754,  974854233, 2032750693,
        867642754, 1331843019, 2645259827, 3616311147, 4183945581,
        581485978, 4112742886, 2244850004, 1197049347, 2920492603,
        214857100, 1120684070, 2653582808, 1863515312], dtype=uint32), 176, 0, 0.0)

                