
                
~~~~Attack Log~~~~

                Timestamp:	05:06:2018_17:15:54
                Training database:	Faces folder:	faces/train/	Feature csv file:	databases/train.csv	
                Testing database:	Faces folder:	faces/test/	Feature csv file:	databases/test.csv	
                Attack size:	5000

                
                Total hits:	146
                Random seed:	logs/seeds/seed_file_05:06:2018_17:15:54

                Frequencies:	[1, 0, 0, 0, 0, 0, 0, 1, 0, 0, 0, 0, 0, 0, 1, 0, 0, 0, 0, 1, 0, 6, 0, 0, 0, 0, 0, 1, 0, 0, 0, 0, 3, 0, 0, 0, 0, 0, 1, 1, 1, 0, 0, 0, 0, 4, 0, 0, 0, 0, 0, 5, 0, 3, 1, 0, 0, 0, 0, 0, 0, 0, 2, 1, 0, 0, 0, 1, 2, 0, 0, 0, 0, 0, 4, 0, 1, 0, 2, 1, 2, 0, 0, 1, 0, 0, 0, 0, 0, 0, 2, 0, 0, 0, 0, 5, 1, 0, 0, 0, 0, 0, 0, 0, 7, 0, 0, 0, 0, 0, 0, 0, 0, 0, 1, 1, 0, 0, 0, 0, 0, 0, 2, 1, 2, 0, 0, 0, 0, 0, 0, 2, 0, 3, 0, 0, 0, 0, 1, 1, 0, 0, 0, 0, 0, 3, 0, 1, 0, 0, 0, 0, 0, 0, 0, 0, 0, 0, 0, 0, 7, 1, 2, 0, 0, 2, 0, 1, 2, 0, 2, 2, 0, 2, 0, 0, 0, 1, 1, 2, 6, 0, 2, 4, 1, 3, 1, 0, 3, 0, 1, 0, 0, 1, 0, 1, 3, 0, 3, 0, 0, 0, 0, 0, 0, 0, 0, 0, 2, 0, 1, 1, 0, 0, 0, 0, 0, 0, 2, 1, 2, 0, 0, 0, 0, 2, 1, 0]

                