
                
~~~~Attack Log~~~~

                Timestamp:	05:06:2018_18:23:14
                Training database:	Faces folder:	faces/train/	Feature csv file:	databases/train.csv	
                Testing database:	Faces folder:	faces/test/	Feature csv file:	databases/test.csv	
                Attack size:	2000

                
                Total hits:	50
                Random seed:	logs/seeds/seed_file_05:06:2018_18:23:14

                Distribution:
									0 Hits	# of faces:190	Face indexes: [1, 2, 3, 4, 5, 6, 7, 8, 9, 10, 11, 12, 13, 15, 16, 17, 19, 20, 22, 23, 24, 25, 26, 27, 28, 29, 30, 31, 32, 34, 35, 36, 39, 40, 41, 42, 43, 44, 45, 46, 47, 48, 49, 50, 51, 54, 55, 56, 57, 58, 59, 61, 63, 64, 65, 66, 67, 69, 70, 71, 72, 73, 75, 76, 78, 79, 80, 81, 82, 83, 85, 86, 87, 88, 89, 91, 92, 93, 94, 97, 98, 99, 100, 101, 102, 103, 105, 106, 107, 108, 109, 110, 111, 112, 113, 115, 116, 117, 118, 119, 120, 121, 122, 125, 126, 127, 129, 130, 132, 133, 134, 136, 137, 139, 140, 141, 142, 143, 144, 146, 147, 148, 149, 150, 151, 152, 153, 154, 155, 156, 157, 158, 159, 160, 161, 163, 164, 166, 167, 168, 169, 170, 171, 172, 173, 174, 175, 176, 177, 178, 181, 182, 183, 184, 186, 187, 189, 190, 191, 192, 193, 194, 195, 197, 199, 200, 201, 202, 203, 204, 205, 206, 209, 210, 211, 212, 213, 214, 215, 216, 217, 218, 219, 220, 221, 222, 224, 225, 226, 227]
									1 Hits	# of faces:27	Face indexes: [0, 14, 38, 52, 53, 62, 74, 77, 84, 90, 96, 104, 123, 124, 128, 131, 135, 138, 145, 179, 185, 188, 196, 198, 207, 208, 223]
									2 Hits	# of faces:10	Face indexes: [18, 21, 33, 37, 60, 68, 95, 114, 162, 165]
									3 Hits	# of faces:1	Face indexes: [180]

                