
                
~~~~Attack Log~~~~

                Training database:	Faces folder:	faces/train/	Feature csv file:	databases/train.csv	

                Testing database:	Faces folder:	faces/test/	Feature csv file:	databases/test.csv	

                Attack size:	5000

                
                

Total hits:	146

                Frequencies:	[0, 0, 1, 0, 0, 0, 0, 1, 0, 0, 0, 0, 0, 0, 1, 0, 0, 0, 1, 0, 0, 7, 0, 0, 0, 0, 0, 0, 0, 0, 0, 0, 1, 1, 0, 0, 0, 0, 1, 1, 3, 1, 0, 0, 0, 1, 0, 0, 0, 0, 0, 5, 0, 1, 1, 0, 1, 0, 2, 0, 0, 0, 2, 2, 0, 1, 0, 0, 3, 0, 0, 0, 0, 0, 3, 0, 2, 1, 0, 1, 1, 0, 0, 1, 0, 0, 0, 0, 0, 0, 2, 0, 0, 2, 0, 1, 0, 1, 0, 0, 0, 2, 0, 0, 3, 0, 1, 0, 0, 2, 0, 0, 0, 0, 2, 1, 0, 0, 0, 0, 0, 0, 2, 4, 0, 0, 0, 0, 0, 0, 1, 2, 0, 2, 0, 2, 0, 0, 0, 0, 2, 0, 1, 0, 1, 3, 1, 2, 0, 0, 0, 0, 0, 0, 0, 0, 0, 1, 0, 1, 4, 1, 11, 0, 0, 2, 0, 1, 1, 0, 0, 1, 0, 1, 0, 0, 1, 0, 0, 0, 3, 0, 1, 6, 0, 2, 0, 0, 2, 0, 1, 0, 0, 5, 0, 0, 2, 0, 1, 0, 0, 0, 0, 0, 0, 0, 0, 0, 2, 0, 0, 1, 0, 1, 0, 0, 0, 0, 3, 1, 0, 0, 0, 0, 3, 0, 0, 0]

                Random seed:	('MT19937', array([2266054428, 1902159032,  125232455, 2018628061, 1952721320,
        568997529, 2542151186, 2699408057, 1366083483, 1942874666,
        999915581, 1526704553, 1288371824, 2716108695, 3986854256,
       1461695619, 1330928424, 2675124410, 1396596664, 2341627812,
       1783262028, 2873011268, 2734521114, 4257107023, 3733236131,
       2150195126, 2338599043, 4147882375, 3653332858, 1465409354,
       1522305821, 3066381438, 3853866802,  254913447,  527940767,
       1856672482,   34739556, 4131367107, 1272011592, 1750297430,
       1098638766, 1172408678, 4013333203,  779742928, 3606574780,
       3910616828, 1298107962, 2080225543, 3244657315, 2542898828,
        136803697, 2073259502, 3810801776, 3805821559, 1814830575,
       1807880541, 1285557212,  731021577, 2555943402, 3866797153,
       4266317124, 2389594381, 2751127643,  420637966, 1335050282,
       1208991462, 2888834503, 2854650687, 3185731832, 4039593239,
       3314555360, 1514022156, 3455090494,  937241943, 1196893572,
       3137650282, 4082203532, 3602003450, 2095359018, 2294060956,
        707779332, 1905169983, 1658704404, 3580928965,  913653433,
       2277155773, 1206301066, 3120498692, 4162238561, 3444326823,
       1759899536,  821046194, 2642445494, 1598965028, 3151591796,
       1265782442, 1129976904, 3787875069, 1304659429, 1427167063,
       2065492236,  904527971, 2074971802, 4231763299,  988559801,
       1198354557,  563233901, 2634574477, 3361320703,  997834669,
       2098041448, 3029280077, 2984535154, 3801083968, 3383655237,
       3355225235, 3755530165, 2528574147, 2124473083, 1981595786,
        525678198, 1512681230, 1871320406,  738886982, 1449742014,
       2619385945, 1007551579, 1373267122, 3045100593, 1818919017,
       3412307434,  307214616, 4124217727, 4211601241, 2243700470,
        658583870, 2802608464,  117391998, 1921445127, 2452115031,
        848665174, 2858367559, 3713605429, 3819270823,  515368510,
        525554267, 3867861600, 1399010261, 1724317648, 4236564464,
       2715777310,  717996633,  606863022,  941156114, 1894047412,
       2042019240, 2238829353, 3823555935,  809424376, 2404100369,
       1738982449, 2782484177, 3330146331, 2893089170, 4194668740,
       1038350628,  742988915, 3140313282, 4063789830, 1144339185,
       4116332916, 1753227794, 3294632785, 2269868747, 1366377586,
       1120630259, 1539408389, 1038721298,   93021203,   25862052,
       1975860828, 1729621787, 2040415501,  172121639, 2492030687,
       3457616138, 1167779695,  572696478, 3402015080,  454328635,
        988616258, 1945124642, 3547242803,  686507392, 3304154644,
       1323829502, 3640890823,  992135374, 1254228748, 3176010916,
       1685875619,  702519386, 2769127696, 1025347091,  496583704,
       3041670279,  960035009, 4241785678,  832675225,  213035999,
       1734927444,  686587899, 2267128279, 2294124059, 1309711030,
        833672450, 1484442766, 1656691353, 3231417704, 1969166620,
       1523840807, 1539188594, 2441927612, 1145336423,  995650433,
       2347718962,  969264467, 2821922748, 2686448480,  286169162,
        432273880,  594219380, 3796233867, 1121303845,  732856227,
       2417587137, 1256287966, 1124410109, 3381070871, 3970813373,
       1173690825, 2150265158, 3533323891, 3245895461, 2839378359,
        800392482, 3354876186, 4083254714, 3449278144, 3356219763,
       3472673094, 2797032907, 2632418069, 3954125383, 3786104568,
       1819853854, 1036844693,  672807638, 1547798999,  333858764,
       3586787729, 1511461120, 3070718370, 3621831545, 1351562455,
       2621332278, 2819795105, 2967470958, 3989121278,  244639939,
       3616156613, 1194585523, 3643684764, 2229232525,   34944419,
       1184474886, 3083084829, 3829801389, 1818027779, 1623055692,
       2367284293, 1964115336, 2499469365, 1814415410,  396480052,
       1537095897, 2607260400, 3853157193,  394946300, 3908330421,
       2107548137, 3812472111, 3048501707, 1191109284, 1839618649,
       2346062002,  770589126, 2726321378, 1341501356,  936086855,
       3729175633, 1706956589,  458031394, 1703257913, 4026657073,
       2470433354, 1996211485, 3947545760,  353153276, 3909268824,
       3467093925, 1406681240, 1792923355, 4125908848,  298746554,
       3283528062, 3163707238, 3257894515, 4062576983, 3479050259,
       3207424160, 3618680776, 1352851586,  129345076,  624148787,
       3869894223, 4162439263,  196485042,  914007352, 2460704584,
        842009174,  294793603, 2252488307, 1324303612, 3584990716,
       1921174650, 1098992003,  130103209, 2975576211, 2034262466,
       2407455807, 2937484960, 3991362359, 3355280300,  947911143,
       3309938700, 2041687276, 2805777750, 3333579827,  243045522,
        697538956, 3384492554, 1249282174, 1457403249, 3004419721,
       2904769566, 3506659222, 1483956627, 2664843034,  150026248,
        500766042, 1332015755, 1436788511, 3392694023,  823597869,
        672785155, 2673212427, 1583155300, 1565021890, 4174317926,
       2582363868, 2609160885, 3071402719,  753696724, 3815211680,
       1765683366, 1098771795, 1168887750, 4266555863, 1741800007,
       1474538421, 4040546165, 1672658965, 2264646365,  705380751,
       2118243068, 3998122464, 4055806365, 1000366233, 1983977969,
       3767923521, 1578472745, 3167758220, 3233922462,   62057374,
       3227372991, 1763814826, 3920781141, 1164195612, 2138604356,
       1383445430, 2533450924, 3331239741, 2732838352, 2232422303,
       3021491907,  853334712, 3724523172, 2042157766, 2000658832,
       1806133166, 4174018844, 3899928919, 3449305698, 2841607627,
        620258539, 1210173201, 2411924989, 3086128029,  130864983,
       3689393020, 2026971236, 1456074838,  412095736, 3045243627,
       3622369080, 3387189081, 3660712538, 1471299825, 3416296710,
        643990533,  976541388, 2131813542,  366158741,  740292720,
        247494133,  605632950,  295501580, 1629555883, 3465022330,
       3024393910, 1989302817, 1118322795,  685693200, 1910840354,
       1949659115,  976094450,  358522647, 2381053336, 4269169316,
       2216727933,  319704811, 1000856812, 2815493790, 4110370570,
       2335369797,  407430086,  543208088, 4035813698, 3280530115,
       3932755938, 1889433738,  744998452,  608665535, 2701536835,
       1296883279, 3354430540, 3521982333, 1829426184, 4234228200,
       4141928653, 2184375723, 1097097706,  703688866, 2995426164,
       3022762626, 3635356821, 1227829379, 3947841428, 2708301299,
        305894414, 3291074227,  774110180, 1515565290, 4181184579,
       1860363625,  708815537, 1062420765, 1481492064, 2201351007,
        436154222, 3574774953, 3065828867, 3103921857, 3937874829,
       3365757134,  992396844,  321065687, 2716329609, 3346847546,
       1996658246, 1326866808, 1433460810,   77581853, 3532765821,
       2852717262, 2719061503, 3758150259,  690583001, 3696544271,
       1876243866,  995298628, 4094835447, 2475946982, 2255032480,
       3844000999,  111858788, 3440372840,  546370398,  921012666,
       2986309861, 1399849568, 2119770459, 1176258274, 2277777665,
        799598637, 2302382240, 1672289083,  708250158, 1116138492,
       2782431053, 2752379244, 1510386628, 3253319037,  433319854,
       2526872541,   35113799, 2656556331, 3792231057, 1076806781,
       2513625344, 3607361594, 1504266292, 1808263959,  764185321,
       1990130218,  504804169, 2971656112, 2819270772, 3078041834,
       3753698305, 3843391472,  872019581, 4141026681, 1744370702,
       2575293142,  689776879, 3180234017,  716609248, 3789219668,
       1635095432, 1876533877, 2866520332,  120374986,  544138955,
       1231133002, 3874725101, 1258249647,  894774586, 2004219935,
       2871232294, 2382670222, 3383693460, 1153488782, 1864530031,
         51310320, 3684254157,   40650042,  958187228, 3509424658,
       2930244428,  584990151,  630932032, 2557276023, 1994497152,
       3482869326, 1508169766, 2352471039, 1126103181,  621223353,
        795351356,  387883769, 4224701578, 3588119116,   49373379,
        420993978, 1159111459,   40689031,   78918302,  517105375,
       2313662130, 1713690685, 1884808757, 3346335944, 3459263222,
       1283773673, 3118955135, 3320565843, 1380750619, 2686753308,
       2763333626, 1220559010,  758716492,  967233656, 3643867828,
       3457915324, 1370763774, 3247031850,  184006853, 1110898875,
       3900424373,   29978119, 1954323427,  715731492], dtype=uint32), 176, 0, 0.0)

                