
                
~~~~Attack Log~~~~

                Training database:	Faces folder:	faces/train/	Feature csv file:	databases/train.csv	

                Testing database:	Faces folder:	faces/test/	Feature csv file:	databases/test.csv	

                Attack size:	5000

                
                Total hits:	159

                Frequencies:	[1, 0, 0, 0, 0, 0, 0, 0, 0, 0, 0, 0, 0, 0, 2, 1, 0, 0, 3, 1, 0, 5, 0, 0, 0, 0, 0, 1, 0, 0, 0, 0, 0, 2, 1, 0, 1, 1, 1, 0, 1, 0, 1, 0, 2, 0, 0, 0, 0, 0, 0, 9, 1, 1, 2, 0, 0, 0, 0, 0, 0, 0, 0, 2, 0, 2, 0, 1, 5, 0, 0, 0, 0, 0, 0, 0, 0, 1, 2, 0, 2, 0, 1, 2, 0, 0, 0, 0, 0, 0, 6, 0, 0, 1, 0, 0, 0, 1, 0, 0, 0, 0, 1, 0, 5, 0, 0, 1, 0, 2, 0, 0, 0, 0, 0, 1, 0, 0, 0, 0, 0, 0, 4, 3, 0, 0, 0, 0, 0, 0, 1, 2, 1, 1, 0, 0, 0, 0, 0, 0, 0, 0, 0, 0, 0, 3, 1, 1, 0, 0, 1, 0, 0, 0, 0, 0, 0, 0, 0, 1, 2, 1, 12, 0, 0, 3, 0, 0, 0, 0, 1, 2, 0, 2, 0, 0, 0, 0, 1, 0, 7, 0, 0, 3, 0, 4, 0, 0, 2, 0, 1, 0, 0, 5, 0, 0, 4, 0, 5, 0, 0, 0, 0, 0, 3, 0, 1, 0, 1, 1, 0, 1, 1, 1, 0, 0, 0, 0, 1, 0, 1, 0, 0, 0, 1, 0, 0, 0]

                Random seed:	('MT19937', array([1600180752, 2394804696, 2024434683,  132521830,  938518583,
       2872408315,  363304113, 3745682493, 1543187959,  311894318,
       3789961761, 2625567015, 1821483831, 2975668090, 1542395749,
       2252246849, 3162397862, 2941186346, 1135157492, 2660398168,
       1156929168, 3898081152, 3048676131, 1176522031, 4249997322,
        668920315, 1910871872,  663179157, 3147762038,  199760584,
       3807997319, 2610813852, 1516955977, 2916304293, 3068390659,
       1795146772,  227459686,  388558996, 3044304487, 1726712509,
       1979854026, 2369602710, 2023258064, 3074893198, 1041609188,
       3839902949, 2258803439, 3639990551, 2101970702, 2475490331,
       2513903266, 3619999302, 1630829070,  505248947, 3846294983,
        679776541, 1275370874, 1017678395,  771396723, 1973241981,
       1538307455,  874826593,  131336514, 2129456287, 2372964835,
       1001285326, 1726946769,  972523290, 2203024012, 1128662651,
        401964490, 2646069483,  665558390, 3209209939, 2577854022,
       3351237854,  263402813, 3084163231, 2764031307, 3144858614,
       1727985307, 2105955384, 1742965339,  275734504,  421885664,
       3908064435, 2464947908, 2362473774, 3785366956, 4066525617,
       2751856209, 1110483986,  739133351, 1048928193, 2561232902,
       1777402400, 4171570347, 4077056122,  861519233, 2505558174,
       2833167741, 3172269951,  774033496, 3329327951, 2938921460,
       4277296995,  971221721,  819000677, 2274895588, 2349000354,
       1836127139,  372909110,  845724149,  255983074, 4086017540,
       3927695863, 2446016925, 2667922659, 3129504356,  153915370,
       4204529632, 3850831500, 3516750435, 2103062457,  405060255,
       2519141581, 4133655386, 4087091545, 1524112609, 3194877099,
        892283802,  920896831,  524248053, 2475650349,  775910445,
       2492166633, 2262824432, 1616810204,  355813875,  637088480,
        337945077, 1419754210, 1335049590, 3934846304,  874449061,
       2432680274, 3514238040, 3184870006, 1403797880, 2055779742,
       4007642726, 3541720025, 3198919241, 4095376978, 1959488894,
       4168432286,  698715528,  347224928,  430885860,  179433502,
       1500798448, 3915371604,  961231018, 3294514659,  572020532,
       1674274281, 1191841466, 2702955901, 1160007302,  856576761,
        286930524, 2218891060, 1115162001, 2584581208, 3016525209,
       1541185978, 3211755452, 3593035999, 1148565066, 4125524676,
       2651556950, 3365342476, 4197128421, 2730114190, 4078740840,
       1850806508, 2154025558, 1336520232, 3387897470, 3985559888,
       2999885481, 3247389433, 2355359030, 1892057515, 3181598147,
       4091867248, 3770532419, 1104202193,  783184076, 2738655563,
       1926201454, 1879764088, 1373054827, 2626358386, 4220836415,
        775453985, 1246316495, 3539958645,  563531873, 4184965729,
       3710085757,  415159373,  178483664,  221769973, 4112116513,
       2942822730, 1503609577, 4218563193, 1820763285, 1042607161,
       4171740265, 1881066095,  456498753,  374449010, 1965748145,
        409288671, 3368602870, 2164920413, 4001900569, 2360006550,
        535051253, 1601541647,  222607445, 1873993127, 3746988376,
       3841843283, 3820475276, 2745187249, 3988392802, 1402608988,
       1366730881, 3255906604,  831716309,  805629630,  835308031,
        225144534, 3786241290, 3266020468, 3609740721,  745805031,
        823141460, 3013604433, 2971863171, 2103727005, 3229851571,
       1514252845,  781829751, 2065779446, 2909449100, 1187058933,
       1963153014, 3184829695,  332312812, 3776722985, 3557087518,
       1777324929, 1801102967, 1513137361,  359121753, 3740367239,
       1176946608, 1364543976, 2505054645, 2218703269, 2301458564,
       1438076923, 3336538293,  314997334, 1003599055, 4193253031,
       2497899475, 1720562542, 2162400393,   72318787,  886476531,
       1020733875, 4156792681, 3709845402, 2593435433, 2632637817,
       3302177325, 2202506970, 1044310122, 2043038185, 1847309170,
       2124862977,  431322495,  179535635,  312974683, 1569389558,
       2218447129, 1731322801,  703730504, 1086583336,  927570205,
       1211423281, 1086871431, 1463062082, 3808496845, 2741126691,
       1019829575, 2683859419, 3584260381,  501515031, 3226688690,
       1237378438, 3809456996, 1827396531,  637373061, 1507901765,
        802454381, 4116508631, 2131567517, 1221052640, 3414829104,
       1037553247,  792668890,   87509682, 1325844857,  601949322,
        103728443,  273558347, 4090417902, 3602389987, 2920953516,
       1585731398, 2895587820, 2084617535,  672332814, 3134868031,
       2804711002, 2486081084, 3117512227,  749055895, 3455442585,
       1450640932, 2621817933, 2674119765, 2483663171, 4118468020,
       2480035517, 2376279725,  706295926,  703527221,  380876026,
       3683811040, 4268626374, 3650741697, 2360698664,   27473394,
        177774377, 1169580119,  988990715, 3213163287, 3675096039,
        883155670, 1106993069, 3773867358, 2382449569,  905059420,
       2446144867, 3377379244, 2956474244, 3166956535,  718684311,
       3807770506,   10485441, 3716357409, 1035888885, 1756367252,
        898449576, 1630599361, 1698885051,  862593705, 4161102567,
        288121255, 1459522408, 2392471763, 1046453722, 1867728363,
       1956459621, 1879614086,  399175298, 2121573847,  170251481,
        443925653,  932235547, 2932646040, 1243977962,  424378107,
       1378455533, 3535544495, 2885834793, 2757493017, 3474662961,
       3810051237, 1740488776, 2528790038,  467886346, 3276514430,
           955958, 2983931251, 2367277159, 2267806878, 1069763719,
        217264871, 2514644003,  716178255, 1969867318, 1568922755,
       2501511092, 4248338604, 2159700868, 3869558445, 4031405163,
        680235666, 2156572874,  206483098, 2785230119, 2570181689,
       3626651014, 3965913465, 3250063049, 1458356596, 1479638949,
       2214964669, 2738927341, 3711544785,  322080747, 1228760269,
       2878646374, 1954370588,  922036758, 1008306010,  830677312,
       2844185890, 3293858836, 1230631050,  886756961, 1740699195,
       3252106410,  352557748, 1228670737, 3016710042,  793466920,
       2781892070, 1371179045,  631531972, 3286113212, 1721128279,
       2643322882, 2067551134, 2768873265,   99499920,  138254626,
       3183099788, 1962124565, 3123744074,  482844843, 1467479521,
        721988418, 2002655427, 1860995908, 2431087518, 1898720774,
       3278299917, 2780509179, 1105485639,  368237050, 3348522128,
       1554492716,  589330637,  652591867, 1511689005, 2641901290,
       1713908590, 2609641945, 4143185034, 3204124939, 2702910717,
       1956610999, 4151577264, 2023882935, 2890443248, 1572862032,
       3918556898, 1263165593,  947717239,  141890493,  735557663,
       4053904179, 1824803172, 2914167650, 3425622172, 3891831599,
       4142158980, 2956652086, 3245726151,  734415343, 3731466421,
        589969398, 1464732943,   81949771,  103677671, 2530430421,
       4031203107,  905215342, 1397699762,  829965663, 2729997868,
       2397692324, 1280139541,  644400449, 2593460106, 3384640427,
       2881134420,  592841200,  454340448, 2845811812,   30551766,
       1741315081, 1755371633,  417795948,  536728981, 2158950614,
       2700598492, 3311360994,  290500142, 3538412747, 2312841873,
       2977723545,  283239635, 3331468886, 3083004798, 4218837524,
       2405502799, 3971176833,  585610559, 2994233434, 3450494598,
       1793513482, 1485169765,  476148617, 1375669589, 3437898541,
       3794679368,  920297757, 1575451779,  315279085, 3868089449,
       4031518353,  811616650, 1798556118, 2010429984,  586385678,
       3088482640, 4246623233,  840887715, 3746345909, 1003515389,
       3125099740, 1427418199,  731199595, 1220363090, 1870640249,
       2142279831, 2541666457, 3619701377,  314465580, 1977106665,
        421921232, 1930816861,  474029969, 1892691831,  484890822,
       2455289448, 2516746239, 1347869198, 3265802569, 2454918459,
       2220709769, 1614086657, 2893387826, 4141439517,  564406025,
       3919139442, 3567450236,  718575019, 1064457630,  480823331,
        570568969,   89010132,  677869508, 2913044125, 2560195443,
       1758779847, 1723391147, 4091971828, 1827243962, 3105493573,
       3477826196, 3018973314, 2929870578, 3521840611, 3315563748,
        466387533, 1414936989, 2537393229, 1963904297, 3406137822,
       2902314185,  488458973,   22412072, 1478533139], dtype=uint32), 176, 0, 0.0)

                