('MT19937', array([4092206994,  180220646, 1677163829, 3728131241, 2513442000,
       3268995866, 3143554683, 2738181675, 1809481120, 3016267982,
        339350561,  638246286,  233078395, 3557725430,  691102732,
       3893561725, 4176631878, 3176237812, 1299895527,  105024930,
       3318674411, 3933835704, 3505100356, 2259399281, 3879241069,
       2522855211,  371737449, 1123181580, 3808327363, 1430686008,
        267189771, 2639069508,  317481456, 1843478627, 1385397486,
       2675816752, 2139237872,  710023537, 1858503636, 1640036044,
       2785027878, 3596658021, 3513997048, 1448944271, 1644459739,
       1708904680, 2179669362, 1283664431, 4135189252, 1930266794,
       1224146356, 1933450186,  511390909,  915766146,  515006822,
       4021266976, 2324547734,  622859468, 1601973897, 3659782582,
       2955221924,  286608089, 1175096089, 1078760800, 3163762005,
       2268561328, 2579984552, 2237936583, 3316081424, 1054199850,
             9219, 1153334108, 1565923904, 3462131747, 3505937419,
       1863612600, 1998069921, 3277188997, 1492066080, 4064935477,
       4151565315, 2832764256, 3667660631, 1941648447, 2568967746,
       3597985069, 3517172458,  320147722,  974873454,  998844558,
       1107846763, 1406555194,  843702711, 3189570577,  582660013,
       2062003313, 3496341452, 1883779807, 1220571133, 2574077128,
       3417899262, 1219928298,  300141947, 1010016168,  849648308,
       3974131098, 2406709287,  909574018, 3937939098, 1783260055,
        967384863,  132756504, 1093406726,  674120108, 3875531379,
       1586384234,  486513719, 2430809532, 3226406327, 2719896142,
        134255990, 3684743423, 3874178423, 3144861296, 4209475588,
       2805781128, 4130672013, 2142986745, 4157447646, 2460359762,
       3787930876, 2718473702, 2119119659, 2852834778, 2204896522,
        574217528, 4065493641,  460732907, 2853998049,  332768783,
       1177459454, 3660628224, 1375572972, 2187512248, 2874730825,
       1716901354, 2038898789,  841983452, 1109535193, 3842468787,
       1666996976,  256719671, 1664472114, 2553970599, 2954725059,
       1369292999, 1913238174, 4145018040,  339577362, 3448954618,
        879702954, 3859068558, 1052545880, 3017956083, 1508707121,
       3926097982,  346202812, 2875917997, 1462710572, 4074420705,
       1629791881, 1006595491, 1471600021, 3243380645, 2978166991,
       3578567637, 2640847948,  395223110, 3701170224, 3894914375,
       2414684910, 2221128710, 4268707509,  593047533, 1405977889,
       1082686548, 4107872341, 1114479964,  893936946, 2009800155,
        308434913,  925141483, 2843006972, 2559344688, 2746546058,
       1847705828, 1829468480,  100143112, 3621808501,  377699921,
       4129361704, 3279660947, 2894976247,  860426072,  136832831,
       2458684336, 1514670258,  856062292,  855199791, 2250940684,
       2059893931,   94916744, 1351367933, 1164561311, 1225982977,
       3598266368, 1480062109, 3729659502,  159232542, 1551794448,
       3543496016,  236726841, 1996548978,  813200403,  605671264,
       4266946998, 1410792955, 3230810201, 2844746151, 2736068997,
       2434504602, 2232447432, 2026747145, 4157994776, 1182789864,
         40927269,  180667541, 2495635105, 2702857663, 3029712746,
       2177683664, 3256088512, 4194324790, 2627030122, 1126356326,
       2042265649, 2701817324, 1822518097,  216767068, 2933522095,
       1605226480, 2806066604,   40330918, 3232154441, 1728187861,
       2434636148,  552341406,  950805026,  294810880,  505640255,
       1969401911, 3364513473, 1652015969,  419969987, 2047767054,
       2772194254, 1921344998, 4085879189, 2855952056, 1568684610,
       3525380166,  698247334, 4237302470, 2850906193, 2585586686,
        899891920,  873880238, 1748848279, 3174948629,  750537673,
       1820193746,  914906399,  473865943, 2280498237, 1955827148,
       1520482243, 3107733890, 2520700079, 2511516769, 3663882866,
       2222557405, 1974322751,  265650596, 3507925666,  548806694,
       4219362523, 4109052632, 1612975507, 2319945102,  332959715,
        423894381, 1105510411, 4147358106, 3754396026, 3080136863,
       1550116903, 2513665657,  888316261, 1225018640, 1843179345,
       3660490204, 3163512331, 4092580890,  659846275, 2010441709,
       1128253733,  388054524, 2064650978,  374552725,  247712140,
       2825398272, 3901485993, 3787347813, 3046395923, 2527498908,
        299065365,  700266645, 2266246462, 3210876838, 4088299454,
       3914467626,  492582124, 3635759314, 3447276754, 3747061719,
        766849569, 1045808320,  398814367, 3828828345,  866818264,
        422504732, 2936636822, 4118766040, 3943512937, 3914551671,
       1589262323, 1012200960,  402791060, 2158323599, 1446511872,
       1763404778, 1513989233, 3357178621, 1635271313, 3229119583,
       1331069001, 2775297476, 3868745687,  772876260, 2907678832,
       1773575948, 3241793784, 3467231675, 3527236308, 3311033666,
       3554455916,  674841052,   22824876, 3002058421, 2531157343,
       2024174105,  675119761, 1971349009,  411208771, 2619316827,
        969330748,  251190530, 1288525008,  881183455, 1926107048,
         95358359, 3032336572,  196502163, 2640046642, 1021938911,
       2945882918, 2568681225, 4287041209, 1885807276, 1218699568,
       1013328198, 3093792188, 2606070829, 3892697312, 3522013328,
        247370872, 3649309601, 2931112739, 3751452831,  466452260,
        821397671, 2831387518, 4166164292, 3499816384,  354798514,
        124221263, 3505798650, 2078083200,  968157406, 1466924312,
       3662407079,  346510605, 1394243103,  651959924, 1016439348,
       2273468438, 3306491224,  900304410, 2031084342, 3483773253,
       1190638756, 2138164428,  882340513, 1367075112, 1502395010,
        243949529, 1981680048, 1543147610, 3978634602, 2679621538,
       4222170768, 1734110681, 3082386831, 2462191776,  146337218,
       3895421790, 1268578235,  788551875,  965090009, 3234722165,
        590473172, 4254164979, 3727846800, 2793765512, 1054888528,
       2239882925, 1895952350, 1229102894,  989241834, 2951104880,
        330142159, 2530843185, 1225509787,  286442719, 3179665961,
       1170950780, 2308180291, 1418875121, 1706307751, 2758002964,
        325152701, 1088275826, 2014672476, 1931395885,  841560891,
        257424169, 3501027449, 1971036671, 2352722397, 2526426022,
       2429496666, 4079404727, 1320814447, 4249387017,  462366842,
        779371505,  116580510,  694270951, 2790950613,  754475613,
       2485449659, 3260892453,  995474551, 1153285341, 3439402747,
        790243366, 3017478843, 1958253266, 3144599119,  373922503,
       4235660784,  354890135,  380766725, 2350851767, 3646235314,
       2952756249, 2789210388,  903915659, 3836430639, 3348853469,
          5748145, 3864319126, 2563899633, 3064640867, 3533630319,
       1575680216,  289112727, 3692960558, 2268377907, 1250429425,
       1830509139, 3769801042, 3559538091, 2691033603,  640100058,
       3972274996,  312173294, 2365631122, 4277676893, 1034714313,
       2102897310, 2405103131,  457587094, 3143754180, 2079928333,
       1326438546, 4070017731, 2901570079, 1865340345, 1931754442,
       1677210853, 1565047179,  167768029,  190394092, 3938739127,
       3196364260, 3459261471,  618197344, 4268198588, 3609586163,
       3804342981, 2823923513, 2551551408, 1943679800, 3539898589,
        148454819, 2572265795,  909666054, 3622687784,  987887945,
       4185091349, 4002800536, 2599022962,  782469004,  790734673,
       3261423805, 1263898481,  766387074,  742740426,  144623905,
       1908030795, 2017051027, 3684211675,  830796590, 2242571717,
        615193489, 1228322754,  393653442, 3788620577, 3008809006,
       1266792053, 2030461317, 1684688099,  579414603, 3169000642,
       2797270785, 4157388834, 2408904386, 2422815787, 3563138789,
        158313951, 3559614222, 3429552914, 1569339181, 2653723883,
        383516268, 1328405494, 1579589051, 1386194040,  397111026,
       2662619722, 1907854148,  931279426, 3734895055, 2612265714,
       1318991324, 1566950761, 1808115958, 3466701175,  836289612,
        412053667, 3283624895, 4147581930, 2256350745, 2916779458,
       3565706105, 2184997030, 3946048945, 2756869762, 1137111318,
       2567886639,  929748159, 3417775861, 3356085149, 3531970739,
       2881493945, 3259145991, 1944384737,  418115797, 3917420797,
       2041169122,   55062136,  130373636,  785082598], dtype=uint32), 624, 0, 0.0)