('MT19937', array([3952910442, 3441046907, 2156210915, 2914385881,  323377695,
         24575140, 3167287815, 3275346243, 2538395183,  807046654,
       1452850439,  232715620, 2189828163, 4294237074, 1281743355,
        428958356, 2188915559,  252337117, 4071174296, 2047195015,
       3414148596,  498936736, 3696923339,  942998647, 1884027834,
       4072725110, 2224791834, 1554404206, 1085765658, 2826003644,
       4072101674, 3457448606, 1403480325, 1850816883,  624715465,
        974104623, 3539374810, 2245790371, 1081805997, 3871501865,
       1634422323,  961651904,  525646296,  509310420, 1139574670,
        852311788, 1037200818, 1961227766, 1767782571, 4088446781,
       4276021186,  838570368, 3699058941, 1750958501, 2430279706,
        424076141, 2891778064, 3563505453, 2685410817, 4242050332,
       3104901484, 1108213588, 3374647279, 2264069584,  115713410,
       2677948566, 2391549799,  614164209, 3991615416, 3903728659,
       2528480242, 1892785919, 4114561380, 3670796536, 3882540571,
       1594721434,  812662024, 3725693724, 4283445793, 3300247765,
       3920634408, 3531459420, 2386497129,  466135551, 1778531450,
       1872864901, 3793225234,  366257121,  214067354,  516348602,
        619824025, 1622248630, 2171200191, 2314046641,  503204801,
       1216579573, 2676846115,  870128937, 4158445491, 2721850530,
       2981474862, 3975707118, 3814042281, 3463275633, 3746278108,
        143702174,  785014940, 2284065815,  717546482, 3160765339,
       3493912985,  259793227, 1285557121, 3215661209, 3247944533,
       1570076320, 2188306088, 2475833625, 1784622984, 1212779422,
        283978073, 1960968136,   33071149,  985319650, 3338158801,
       3655025319,  176569534,  719525630, 3891389284,  226976392,
       1861272224, 4085381832, 1257740963, 1250469257, 3678663655,
       2447347595, 3685342917, 1065066514,  860338598, 3114326628,
        558790790, 2186558379, 2153852946, 2951491451, 1944977932,
        793446065, 2030108900, 1969727189, 3287254488, 2424263679,
       3280568470,  413250025, 3408982645,  681843276, 1789134688,
       2684290531, 1256210133, 2082953697, 3665127875, 1423415827,
       3428095202, 3169347059, 1899437872,  434593192, 3905441731,
       4249291494, 3930486265,  350616577, 1647993029,  657605959,
       2981443226, 4279434139, 3492807037,  263244366, 3894517330,
       1087479384,  180629820, 1807762525, 2836512667, 2489879001,
       1755078006,  226801234,  918856926,  864963476, 3661423022,
       3081634213, 1954701571, 3429484090, 1781810974, 1567418208,
       1815347669, 3033372082, 1224467171, 1545948997, 4029452433,
        201321809, 2841915097, 2826912024, 1554749205, 1286834160,
        805279306, 3036391092, 4240260038, 3419691664, 1413436376,
       3851094621, 1800534352, 3657054794, 2289616962,  607793752,
        924954260, 1137426785, 2196354846, 2907008966, 2523906951,
       3263578358, 3391475205,  642297409, 3659106499, 1352017380,
       1228348050, 3354226575, 2047101269, 3816188198, 1896169738,
       2609208078,  849364107,  389990292, 3546027823, 3742919307,
       1473316313, 3469412367, 4253337979, 1829499490, 1088578904,
       3470914987, 1935793326, 3504326718, 2546461631, 1302517338,
        904196623, 2880078959,  948072393, 1435614441, 3123271892,
       1888830834,  837488602,  420819025, 3705616388, 3590652215,
       2262307329, 2138917073, 3710110337,   25050580, 4278879995,
       1227689863, 2005743766, 2327204737, 3846025426, 1707115317,
       2678319309, 4246575480, 1825288352, 3208232587, 3878699307,
        956866450, 3283018272, 3598588532,  729872530, 1067634143,
        461947977, 2703094234, 2580303076, 3310232327, 1561444863,
         60681535, 1754269738, 1533887871, 3338310489, 3197322470,
       3184074457,  618039272, 1170569781, 3339188106, 2628973105,
        385040671, 2908887138, 3043674240, 2727668269,  308340660,
       1610595511,  711800029, 1227666139, 2454031339, 2155651694,
       1813774292,  966282807, 3551111473, 3599165481, 1373371709,
       3838638895, 3961924219,  798748914,  800715207, 1508148683,
        982478517, 3692332011,  439445159, 1244873868, 3003250318,
       2137781200,  363865059, 2159486789, 3092359716,  876656858,
       3999348496, 4076586176, 3329204763, 2470709530,  833713256,
       2661202713, 1130909501, 2036174460, 3274200528,  133883805,
       3239368781,  568083928, 2037010349, 2757284187, 1299835095,
       1436526241, 1406205484, 1145860689, 1505608151, 2899903076,
       1771652313, 3989352207, 3080691937, 3248418732,  984144904,
       1513291290, 2106383702, 2236712372, 3224696351, 3461031918,
       3385632910, 3008902136, 3515838120, 2249742168, 1903399997,
       1480461359, 1736182862, 1834233937,  327029938,  811568395,
       2240054287, 3062923582, 3965550780, 3628836491, 1564281217,
       2292447187,  644685887,  953490477, 2866190487, 4048008660,
       1279759849, 3751459306, 4216447172, 4071599812, 4118270003,
       1241527993, 2911745659, 4072587821, 2601399966, 4218058364,
       4248284771, 2838398208, 1249861261, 1681648733,  882137689,
        493485668,  278195370, 3069362766, 4171404479,  264019786,
       2099559238, 3944448101, 3629716389, 2463593776, 2444516073,
       2542726960, 2571825370,  120119817, 3986103109, 4058918315,
        371510518, 2578362963,  351633726,   82245549, 1412210090,
       3726452164, 1591683401, 3235563703, 4214362290, 3299640288,
        727966154, 3153671155, 1923186027, 1351118422,  629118723,
       4049470404, 2108622303,  168812415, 1080557147,  226287392,
       2397312647, 2372005217, 3045363533, 2512753815, 3114284651,
        226654647, 1017833741, 3828526138, 1604233209, 2727612297,
       2080978739, 4075418658, 3935347165, 3352049278, 2341137469,
        100968056,  823250828, 1313933081, 1846450939, 3631117382,
       1660624536, 2017509451, 2312067086, 2395149826,  485720492,
       1627564985, 2648346719, 4117322451, 3034724523, 2829212118,
       2729739148,   89405647, 1704558452,  932113597,  516482621,
       3738294617, 1001215697, 4169076380, 1113465469, 1736440841,
       1314806009,  607942560, 1013663199,  804228148, 3787589406,
        879498929, 3568991865,  136031787,  610985759, 3462709292,
        370929342, 1471506017, 4285788897, 3808362573,  904845449,
       1846272595,   64329889, 1214669785,  421125411,  526725231,
       1898211585,   17649577,    3949819, 3830771033,  920178077,
       1216821338, 1074035513,  726962867, 2692492000, 3809004245,
        883790363, 2377311222,  942670487, 4261471374,   60676140,
       3972056616, 3406667666, 2290924163, 2936831560, 4194654406,
       3022325605, 2033629244,  921308407, 1831279275,  256832860,
       1081083484, 2489771569, 4066204067, 1931383621, 3536676003,
       3720882460, 3836903078,   64482610, 1955691017, 2530978736,
       1233116122,  215874094,  682095908, 2509367525, 3708931945,
        906764826, 3326437991, 3914265066, 2243000817,  336326170,
        197510916, 4085090847, 2220750463, 1536314485,  466004693,
       2270656794,  297050185, 2883906813,  872232988, 3081599746,
       3343150468,  887817533,  162997317, 4122514584, 4155323774,
       1197268989,  263363195, 3688726628, 2847760718, 3575278712,
       1816705865,  522764114, 2003499156, 2928261061,  735780444,
       2762036887,  501408764, 2302741626, 3093103638, 1268843193,
        432660652, 1419768046, 3672897908, 3179968816, 4243258345,
       1568339121, 3952332754, 2508016702, 1426456383, 1989036719,
       1176364824, 1339319262, 1483162491,  947053422,  410260776,
        429222381,   42236185, 3166411272,  862783632, 2643624926,
       3571879415, 1570407605, 3850489993, 1978931734, 3270111618,
       2260402185, 3746013864,  961377745, 2165234624, 3643201693,
       3413149655, 2241187132, 3117417667,  367324589,  819870681,
        541842821,  454823456, 2470919018, 1951671344, 2667074503,
       2176565507, 3725839113,  970399796, 2935027819,  964058582,
       3706408612, 1290522852, 3405273349, 3276333579, 3004494465,
        713747598, 1692663086, 1696403441,  944026157, 3404481064,
        167422424,    1878368, 3331132736, 2326506863, 3730748965,
       4154680638,  558109568, 2454419990, 3796374637, 3074815654,
        746905986, 3635358685, 1665218249, 1366554097,  314981500,
       3829168224,  524598301, 2153464746, 3700483510], dtype=uint32), 624, 0, 0.0)