('MT19937', array([4290294721, 1926528342, 3931372799, 3909080523,  652204498,
       1990513300, 2350123581,  775640396, 3142436632, 2797958460,
        764781024, 3278842577, 3887689956, 1131056172, 1940960828,
       2069099681, 3929841062,   19454410, 3443265059,  676511064,
        288531262, 3604806736, 1923777914, 3441032166, 3995285084,
       3842074813, 3816534560, 1849250302, 1607183238,   18601860,
        619893652, 1561152456, 1001700487,  767667721, 2999418616,
       3913095066, 3260249798, 3894730247, 2894255911, 1982817439,
        199253115, 1786748587, 2312694621, 4155308445, 1020565222,
        683278344, 3079473239, 3104640024, 1953925752, 1839418404,
       2908011715, 1275610279, 3444475438, 1548758393,  583532921,
       4121309149, 2813090658, 1049946074, 2747826680, 2795234287,
       2061739103,  655606210, 1637903575,  679759083,  316453794,
       2060491045, 3325233807, 3959482950,  501106306, 3704327171,
       3077227941, 2189432843, 2005472118, 1311871263, 1060193762,
       2464139365, 3534190845,  625642440, 4079815254, 4243505896,
       1635828691, 1338890309,  996011085, 1538034216, 1605092448,
       1844087917, 1954540438, 2397182384, 4193770333, 1109422900,
       3267902278, 1941235099, 3657241042, 2804993505,  755006264,
       3403282707, 4219641881,  900755850, 2549192794, 1882626678,
       2466104352, 3734799867, 3808969414,  284905725, 2136110758,
       2511138167,  718096327,  499025441, 2971010831, 1378334991,
       1044661592, 3285753362, 2088911356, 3011942219, 2900769292,
       2618551295,  969300119, 3801709488, 3813755329, 1432695320,
       2900766922, 1330445600, 1076177378,  122830635,  473251337,
       2530200231, 1575396057, 1150984364,   20339182, 2229623998,
       3704759376, 1057581813, 1021937230, 2477150126, 1762267704,
       3958040864,  853299840,  153138032, 1777264112, 2506544313,
       1180356845,  949570482, 1154747536, 1895064926, 1966556507,
       1595607915,  158390502, 3836154359,  407706726,  520692976,
        818385796, 3835301512, 3595072296,  747462216, 1395034828,
       3601855056, 1392552299,  971666483, 3652771265, 1538625545,
       3714585589, 2797634149, 1591350479, 2470152340, 3968942160,
        515075267, 3919320238, 1378598741, 1222575355, 2221471160,
        121071219,   19969957, 3970317768,   10483675, 3902336174,
        563554430, 1361398052, 1095262999, 2816611594, 2341358141,
       3257679068,  312779876, 1373769995,   62473141, 1021454758,
       3954651970, 1551353264, 1802003941, 1783673163, 2000652869,
        708289513, 3215425178, 1963784135,   91226933, 1355646079,
       3507954330, 3034081670, 1091660430, 2109147185, 3899764669,
       2205041917, 3690589977,  916455580, 1504692783, 2978154023,
       3660773904, 2535575942,  681360194,  195463332, 3972509616,
       3804512799, 2396948797, 1461811607,  240434703, 3659779726,
       2029532250, 4078596781, 3531050509, 2588242872, 3217755866,
       2938992759, 1342057166, 3992786836, 1640320049, 1332888950,
       4177049668, 3766249555,  352384937, 1463516406, 1569115925,
        925958108, 3378535122, 2192073693, 2620631375, 1032655324,
       1611274753,  180705670, 2406453132, 1530148904, 1081157900,
       2691342066,  227991464,  628679147, 2354518986, 2594837772,
       1283097987, 1006062381, 1603737361, 4268894604, 3499600242,
        116362092, 1110545819,   26844053, 2724577813,  241751859,
        170628800, 3516348183,  605516787, 2504326204, 2640194689,
        954324108, 2879495999,  303054934, 2552676363,  859681890,
       2466137697, 2431900908, 2378589184, 1050035860, 3656777692,
       1931112111, 1805383672, 2192021297, 4214073056, 2435217907,
       1027249644, 2529933806, 1862995789, 4171890249,  882384594,
       3404701683, 3476533494, 3998554012,  806554137, 2111236917,
       2534078525, 3196437445,  855059373,   97295585, 3741778712,
       3609102978, 1082234053, 3035334860, 1208723818, 1506098996,
       1253055944,    2667864, 1692718670, 2226040403, 3352755805,
        905613798,  725207404,  655165436, 2209368911, 1174669446,
       3300629106, 3900909630,   92459956, 2619864884, 2067145136,
       1613962532, 3483539125,  259381234, 3373327121, 1055544647,
       1298028076, 2511323463, 4012057149, 1824906059, 1553072188,
       3183694258, 1509939456, 3466810159, 1208162564, 2224707336,
       1199958676,  143727037,  495456228,  470442836, 1196615620,
       2722527790, 1215598296,  896860185, 3589916680,  297051993,
       1665970168, 2724899624,  265910607, 4069836380,  810107382,
       2243357089, 2269496692, 1929628938, 2787637343,  910964560,
       1702740787,  695647111, 2268179064, 2969121803, 2579088829,
        960657605, 3391342042, 2560129842, 1620315575, 2609302768,
       2144948693,  941080650, 2420228563, 3364770584, 1531818743,
       2934452273, 3380100595, 4036221067, 3737567135, 2966297831,
        130787171, 2173021276,  157431979, 1286536149, 3061107410,
       1857904756, 3320762731, 2203872195, 3259788763, 1392813159,
        480479813,  335606406, 1587601971,  899305969, 1737223955,
       3369753369, 1410609654, 2058773366, 3519810185, 2390928919,
        451689569, 1516071150, 2419133945, 2906127148, 3027970415,
       3963981211, 3994336402, 3121049402,  632505302, 3139072011,
       1247002508, 1401199198,  500397409, 2777863214,  487090163,
          4982333, 3638414468,  245182921, 1636391307,  543144512,
       3820978622, 1926986022,  607856609, 2923095540, 3679381854,
       3038619446,  563331422,  858528141,  855386042,  885232213,
       3641035676,  659934521, 2738251606, 2025595815, 1911783597,
       1687430759, 3974619404, 3893996028, 1207896414, 1097346551,
       3983935946, 4132144892, 2606701969, 3376309844,  124401414,
       3530975847, 3143485998, 2624550794, 1439768888, 3451841014,
       2412660076, 1936937464, 1684154484, 3773197434, 1588809098,
       1046605857, 3352868524, 1048737906, 3312723589, 1923588053,
        105319569, 3925628219, 1836925690, 1023083216, 4264863473,
       3848404951, 3920565301, 2519929456, 2317792971,  262498087,
       1455863802, 4073471801, 4017641328, 1809742174, 3965972150,
       3908700713,  636073427, 1402190182,  287074290,  622394183,
       1710987676, 4214123701,  437724311,  919862911, 1389646904,
        237383062, 2154525030, 1121177288, 2703156688, 4161247330,
       3375489741, 2896532870, 2917012413,  465704162, 3774035213,
        839759805, 1322416850, 1510132808, 1242102114, 1984462522,
        548352189, 1755098354,  844690770,  896826533, 2852393548,
       3555715720, 3172438664, 3035819659, 1796414086, 1613544171,
       2333915223, 4250150116, 3119615507, 4176954771,  619193613,
       2566518439, 2297461311, 2800024253, 2602632189, 2052502540,
       3271881628, 2573832992, 1235194770,  894327295,   93989370,
       4271791393, 2286552716,  655122432, 3787203595, 2002859115,
       2826670073, 1489425881, 3389391166, 1211762183, 3724864844,
       2737664024, 3118332355, 3563695864, 1883462182, 1184022095,
        955325259, 2274904978, 3086272122, 1562230859, 3598338764,
       2714057546, 3492355986, 4093464997, 1429575057, 3822274761,
       2452343497, 3961719601,  622896951,  878181230,  150074865,
       1849870002, 3221663208, 2033614001, 3663431967, 1944990766,
        131067391, 2428072636, 3825115339,  921115663, 3927389000,
       3513178346, 1549852407, 3881165806,  214595380, 2922838323,
       3228879293, 3278663811, 1377186228, 3282134481,  850742514,
       3493035413, 1033590213, 1799349338,  613167575, 2040576747,
       2760541152, 3715722413, 3975279453, 2501091697, 1042167516,
         87062626, 1086680492,  600172733, 2268808554, 3765414632,
       1357450204, 1478048095, 1077111582, 1610799521, 2631394220,
       3929973525, 1803845822, 1395465748, 1098081172,  998575833,
       2688557780, 1804414348, 3998958363,  831912559, 2724531225,
       1996433017, 2364528163, 2132306440,  517560426,   73964545,
       4140929701,  363882392, 1597109997, 3088563975, 4085087403,
       3677891803, 1760652164, 2506982874, 1567413361, 2826101844,
       3429939505, 1252111945, 4088213238, 1695192749,    5616932,
       2219845161, 3898162598,  313710671, 2031727094, 1261383148,
        288227566,  664176811, 1814284012, 1970642507, 2256102075,
       1453685521, 1906227261, 2408365367, 1809084190], dtype=uint32), 624, 0, 0.0)